46592
64187
1222
9601
64657
38284
30275
29632
46108
52692
46150
21926
48119
29979
14568
40324
54116
40356
17281
62681
50299
10305
40155
34163
50628
1446
2345
45700
9495
13662
30740
4582
28795
22901
34064
7429
38313
64867
7847
49315
25667
5339
41215
59494
41657
25742
31346
57819
28585
26410
42842
24562
579
17699
16369
36514
24979
53595
46860
62558
19748
26806
46682
26276
5934
35477
9094
36477
29192
1232
25701
64344
23992
25370
32490
36063
14307
49166
63104
45304
1514
10696
917
6330
3939
5378
56894
51192
50161
11423
45477
52471
17379
32874
32320
13259
7221
18687
48186
32864
